1 95460 0.01 0.03 0.05 1 467
1 92212 0.09 0.05 0.04 1 467
2 92212 0.09 0.05 0.04 1 467
1 91172 0.20 0.07 0.02 1 467
2 91172 0.20 0.07 0.02 1 467
3 91188 0.20 0.07 0.02 1 466
4 91188 0.20 0.07 0.02 1 466
5 91188 0.27 0.09 0.02 1 466
6 91188 0.27 0.09 0.02 2 466
7 91188 0.27 0.09 0.02 1 466
8 91184 0.27 0.09 0.02 1 466
9 91176 0.27 0.09 0.02 1 466
10 91176 0.33 0.10 0.03 1 466
11 91176 0.33 0.10 0.03 1 466
12 91176 0.33 0.10 0.03 1 466
1 91000 0.15 0.09 0.03 1 466
2 91000 0.15 0.09 0.03 1 466
3 91000 0.15 0.09 0.03 1 466
4 91032 0.15 0.09 0.03 1 466
5 91032 0.22 0.10 0.03 1 466
6 91032 0.22 0.10 0.03 1 466
7 91032 0.22 0.10 0.03 1 467
8 91016 0.22 0.10 0.03 1 467
9 91080 0.22 0.10 0.03 1 467
10 91080 0.36 0.13 0.04 1 467
11 91080 0.36 0.13 0.04 2 467
12 91108 0.36 0.13 0.04 1 467
1 90992 0.18 0.12 0.04 1 467
2 90992 0.25 0.13 0.04 1 467
3 90832 0.23 0.13 0.04 2 467
4 90896 0.29 0.14 0.05 1 467
5 90880 0.29 0.14 0.05 1 467
6 90928 0.29 0.14 0.05 1 467
1 90888 0.06 0.09 0.04 1 466
2 90888 0.06 0.09 0.04 1 466
3 90872 0.06 0.09 0.04 1 466
4 90920 0.06 0.09 0.04 1 466
5 90920 0.14 0.11 0.04 1 466
6 90904 0.14 0.11 0.04 1 466
7 90728 0.14 0.11 0.04 1 466
8 90728 0.14 0.11 0.04 1 466
1 90716 0.02 0.07 0.03 1 467
2 90652 0.02 0.07 0.03 1 467
3 90604 0.10 0.08 0.04 1 467
1 94800 0.11 0.07 0.03 1 467
2 94864 0.11 0.07 0.03 1 467
