1 271728 0.00 0.06 0.03 1 340
2 271792 0.00 0.06 0.03 1 340
3 271856 0.08 0.07 0.04 1 340
4 271728 0.08 0.07 0.04 1 340
5 271824 0.08 0.07 0.04 1 340
6 271856 0.08 0.07 0.04 1 340
7 271728 0.08 0.07 0.04 1 340
8 271404 0.15 0.09 0.04 1 342
9 270848 0.15 0.09 0.04 1 343
10 269096 0.15 0.09 0.04 1 343
11 266028 0.15 0.09 0.04 1 343
12 262476 0.15 0.09 0.04 1 343
13 243852 0.30 0.12 0.06 1 343
14 231144 0.30 0.12 0.06 1 343
15 224908 0.30 0.12 0.06 1 343
16 228332 0.30 0.12 0.06 1 343
17 217500 0.30 0.12 0.06 1 341
18 214804 0.44 0.15 0.07 1 341
19 209008 0.44 0.15 0.07 1 341
20 189416 0.44 0.15 0.07 1 341
21 175064 0.44 0.15 0.07 1 341
22 168244 0.44 0.15 0.07 2 341
23 166876 0.56 0.18 0.08 1 341
24 157592 0.56 0.18 0.08 1 342
25 151748 0.56 0.18 0.08 2 343
26 140124 0.56 0.18 0.08 1 343
27 131476 0.56 0.18 0.08 1 343
28 127556 0.60 0.20 0.08 1 344
29 123064 0.60 0.20 0.08 2 345
30 123096 0.60 0.20 0.08 2 345
31 123128 0.60 0.20 0.08 2 345
32 123004 0.60 0.20 0.08 2 345
33 122880 0.79 0.24 0.10 2 345
34 122696 0.79 0.24 0.10 2 345
35 120644 0.79 0.24 0.10 2 345
36 120148 0.79 0.24 0.10 2 345
37 119808 0.79 0.24 0.10 2 345
38 119468 0.97 0.29 0.11 2 345
39 119344 0.97 0.29 0.11 2 345
40 108556 0.97 0.29 0.11 3 345
41 86436 0.97 0.29 0.11 2 346
42 77224 0.97 0.29 0.11 2 348
43 69424 1.13 0.34 0.13 2 351
44 68712 1.13 0.34 0.13 2 351
45 68712 1.13 0.34 0.13 2 351
46 68744 1.13 0.34 0.13 2 351
47 68464 1.13 0.34 0.13 2 351
48 68528 1.28 0.38 0.15 2 351
49 68184 1.28 0.38 0.15 3 352
50 73668 1.28 0.38 0.15 4 356
51 75492 1.28 0.38 0.15 2 356
52 71648 1.28 0.38 0.15 2 356
53 69820 1.42 0.42 0.16 2 356
54 68952 1.42 0.42 0.16 2 356
55 75388 1.42 0.42 0.16 2 356
56 73852 1.42 0.42 0.16 2 356
57 70256 1.42 0.42 0.16 2 356
58 67540 1.55 0.47 0.18 2 356
59 75244 1.55 0.47 0.18 2 356
60 71636 1.55 0.47 0.18 2 356
61 65920 1.55 0.47 0.18 2 356
62 75260 1.55 0.47 0.18 2 356
63 69976 1.66 0.51 0.19 2 356
64 67224 1.66 0.51 0.19 2 357
65 74256 1.66 0.51 0.19 2 359
66 71916 1.66 0.51 0.19 2 359
67 68064 1.66 0.51 0.19 2 359
68 72356 1.77 0.55 0.21 4 362
69 75072 1.77 0.55 0.21 3 363
70 64644 1.77 0.55 0.21 2 363
71 65080 1.77 0.55 0.21 4 365
72 72980 1.77 0.55 0.21 4 366
73 75308 1.95 0.61 0.23 2 367
74 68540 1.95 0.61 0.23 4 367
75 65904 1.95 0.61 0.23 4 367
76 70728 1.95 0.61 0.23 2 368
77 65952 1.95 0.61 0.23 3 370
78 68980 2.27 0.70 0.26 4 370
79 64304 2.27 0.70 0.26 2 369
80 68096 2.27 0.70 0.26 4 370
81 69036 2.27 0.70 0.26 2 372
82 77092 2.27 0.70 0.26 2 372
83 90504 2.73 0.82 0.30 5 373
84 78052 2.73 0.82 0.30 3 373
85 78388 2.73 0.82 0.30 3 373
86 81380 2.73 0.82 0.30 3 373
87 72820 2.73 0.82 0.30 4 373
88 87476 2.83 0.87 0.32 4 375
89 80100 2.83 0.87 0.32 2 376
90 72116 2.83 0.87 0.32 3 379
91 83652 2.83 0.87 0.32 2 379
92 73816 2.83 0.87 0.32 2 379
93 78748 2.85 0.91 0.34 3 381
94 74180 2.85 0.91 0.34 2 382
95 71816 2.85 0.91 0.34 2 382
96 66536 2.85 0.91 0.34 2 382
97 75628 2.85 0.91 0.34 2 381
98 74208 3.02 0.98 0.36 2 377
99 77352 3.02 0.98 0.36 2 377
100 69168 3.02 0.98 0.36 4 381
101 78864 3.02 0.98 0.36 3 386
102 73592 3.02 0.98 0.36 5 389
103 80772 3.18 1.04 0.39 3 392
104 79456 3.18 1.04 0.39 3 392
105 79108 3.18 1.04 0.39 1 393
106 77168 3.18 1.04 0.39 1 403
107 72820 3.18 1.04 0.39 3 408
108 76824 3.48 1.14 0.42 3 406
109 71716 3.48 1.14 0.42 2 413
110 70596 3.48 1.14 0.42 2 407
111 87888 3.48 1.14 0.42 4 407
112 82460 3.48 1.14 0.42 1 405
113 77888 3.77 1.24 0.46 2 406
114 79200 3.77 1.24 0.46 1 407
115 73460 3.77 1.24 0.46 2 406
116 70740 3.77 1.24 0.46 7 406
117 67676 3.77 1.24 0.46 2 401
118 67216 3.79 1.29 0.48 1 401
119 79392 3.79 1.29 0.48 1 401
120 83600 3.79 1.29 0.48 1 401
121 81616 3.79 1.29 0.48 1 401
122 79524 3.79 1.29 0.48 1 402
123 72684 3.80 1.33 0.50 3 401
124 70500 3.80 1.33 0.50 2 400
125 78660 3.80 1.33 0.50 4 400
126 76316 3.80 1.33 0.50 1 400
127 69848 3.80 1.33 0.50 2 401
128 79424 3.82 1.38 0.52 1 399
129 78412 3.82 1.38 0.52 1 398
130 78428 3.82 1.38 0.52 1 398
131 78428 3.82 1.38 0.52 1 398
132 78460 3.82 1.38 0.52 1 398
133 78460 3.59 1.37 0.52 1 397
134 78508 3.59 1.37 0.52 1 397
135 78508 3.59 1.37 0.52 1 397
136 78508 3.59 1.37 0.52 1 397
137 78540 3.59 1.37 0.52 1 397
138 78416 3.39 1.36 0.52 1 397
139 78256 3.39 1.36 0.52 1 397
140 78256 3.39 1.36 0.52 1 397
141 78288 3.39 1.36 0.52 1 397
142 78288 3.39 1.36 0.52 1 397
143 78320 3.19 1.36 0.52 1 397
144 78320 3.19 1.36 0.52 1 397
145 78320 3.19 1.36 0.52 1 397
146 78352 3.19 1.36 0.52 1 397
147 78352 3.19 1.36 0.52 1 397
148 78352 3.02 1.35 0.53 1 397
149 78352 3.02 1.35 0.53 1 397
150 78384 3.02 1.35 0.53 1 397
151 78384 3.02 1.35 0.53 1 397
152 78416 3.02 1.35 0.53 1 397
153 78416 2.86 1.35 0.53 1 397
154 78416 2.86 1.35 0.53 1 397
155 78256 2.86 1.35 0.53 1 397
156 77980 2.86 1.35 0.53 1 397
157 78076 2.86 1.35 0.53 1 397
158 77884 2.71 1.34 0.53 1 397
159 77916 2.71 1.34 0.53 1 397
160 77856 2.71 1.34 0.53 1 397
161 77388 2.71 1.34 0.53 1 397
162 77452 2.71 1.34 0.53 1 397
163 77268 2.57 1.33 0.54 1 397
164 76584 2.57 1.33 0.54 1 397
165 76520 2.57 1.33 0.54 1 397
166 76528 2.57 1.33 0.54 1 397
167 76532 2.57 1.33 0.54 1 397
168 76532 2.52 1.35 0.54 1 397
169 76564 2.52 1.35 0.54 1 397
170 76564 2.52 1.35 0.54 1 397
171 76564 2.52 1.35 0.54 1 393
172 76620 2.52 1.35 0.54 1 393
173 76620 2.40 1.34 0.55 1 393
174 76652 2.40 1.34 0.55 1 393
175 76660 2.40 1.34 0.55 1 393
176 76660 2.40 1.34 0.55 1 393
177 76660 2.40 1.34 0.55 1 393
178 76692 2.29 1.33 0.55 1 393
179 76692 2.29 1.33 0.55 1 393
180 76692 2.29 1.33 0.55 1 393
181 76724 2.29 1.33 0.55 1 393
182 76724 2.29 1.33 0.55 1 393
183 76724 2.19 1.33 0.55 1 393
184 76724 2.19 1.33 0.55 1 392
185 76580 2.19 1.33 0.55 1 392
186 76580 2.19 1.33 0.55 1 392
187 76580 2.19 1.33 0.55 1 392
188 76580 2.17 1.34 0.56 1 392
189 76612 2.17 1.34 0.56 1 392
190 76612 2.17 1.34 0.56 1 392
191 76620 2.17 1.34 0.56 1 392
192 76644 2.17 1.34 0.56 1 392
193 76636 2.08 1.33 0.56 1 392
194 76644 2.08 1.33 0.56 1 392
195 76644 2.08 1.33 0.56 1 392
196 76644 2.08 1.33 0.56 1 392
197 76684 2.08 1.33 0.56 1 392
198 76684 1.99 1.33 0.56 1 392
199 76708 1.99 1.33 0.56 1 392
200 76716 1.99 1.33 0.56 1 392
201 76716 1.99 1.33 0.56 1 392
202 76608 1.99 1.33 0.56 1 392
203 76536 1.91 1.32 0.57 1 392
204 76616 1.91 1.32 0.57 1 392
205 76616 1.91 1.32 0.57 1 392
206 76648 1.91 1.32 0.57 1 392
207 76648 1.91 1.32 0.57 1 392
208 76456 1.84 1.32 0.57 1 392
209 76456 1.84 1.32 0.57 1 392
210 76488 1.84 1.32 0.57 1 392
211 76488 1.84 1.32 0.57 1 392
212 76488 1.84 1.32 0.57 1 392
213 76488 1.77 1.31 0.57 1 392
214 76520 1.77 1.31 0.57 1 392
215 76504 1.77 1.31 0.57 1 392
216 76520 1.77 1.31 0.57 1 392
217 76552 1.77 1.31 0.57 1 392
218 76536 1.79 1.32 0.58 1 393
219 76600 1.79 1.32 0.58 1 393
220 76192 1.79 1.32 0.58 1 393
221 76132 1.79 1.32 0.58 1 393
222 76164 1.79 1.32 0.58 1 393
223 76164 1.72 1.32 0.58 1 393
224 76104 1.72 1.32 0.58 1 393
225 75976 1.72 1.32 0.58 1 393
226 76008 1.72 1.32 0.58 1 393
227 76040 1.72 1.32 0.58 1 393
228 75576 1.75 1.33 0.59 2 393
229 75484 1.75 1.33 0.59 1 393
230 75356 1.75 1.33 0.59 1 393
231 75388 1.75 1.33 0.59 2 393
232 73384 1.75 1.33 0.59 1 394
233 67288 1.77 1.34 0.60 1 397
234 71416 1.77 1.34 0.60 1 397
235 71256 1.77 1.34 0.60 1 397
236 71320 1.77 1.34 0.60 1 397
237 77216 1.77 1.34 0.60 1 393
238 77248 1.71 1.33 0.60 1 393
239 77120 1.71 1.33 0.60 1 393
240 77184 1.71 1.33 0.60 1 393
241 77216 1.71 1.33 0.60 1 393
242 77120 1.71 1.33 0.60 1 393
243 77152 1.73 1.35 0.61 1 393
244 77216 1.73 1.35 0.61 1 393
245 71804 1.73 1.35 0.61 1 398
246 67668 1.73 1.35 0.61 1 397
247 68776 1.73 1.35 0.61 1 397
248 74592 1.75 1.36 0.62 1 397
249 69292 1.75 1.36 0.62 3 399
250 69076 1.75 1.36 0.62 1 397
251 69108 1.75 1.36 0.62 1 397
252 68980 1.75 1.36 0.62 1 397
253 69044 1.69 1.35 0.62 1 397
254 69076 1.69 1.35 0.62 1 397
255 68132 1.69 1.35 0.62 1 398
256 75260 1.69 1.35 0.62 1 398
257 72008 1.69 1.35 0.62 1 400
258 72040 1.64 1.34 0.62 1 400
259 72072 1.64 1.34 0.62 1 400
260 75864 1.64 1.34 0.62 1 397
261 75752 1.64 1.34 0.62 1 398
262 75816 1.64 1.34 0.62 1 398
263 75872 1.58 1.34 0.62 1 398
264 75744 1.58 1.34 0.62 1 398
265 75776 1.58 1.34 0.62 1 398
266 74460 1.58 1.34 0.62 1 399
267 67608 1.58 1.34 0.62 1 402
268 80928 1.62 1.35 0.63 1 402
269 72356 1.62 1.35 0.63 1 402
270 78532 1.62 1.35 0.63 1 402
271 84320 1.62 1.35 0.63 1 404
272 76748 1.62 1.35 0.63 1 404
273 101328 1.65 1.36 0.64 1 401
274 101360 1.65 1.36 0.64 1 401
275 101328 1.65 1.36 0.64 1 401
276 101360 1.65 1.36 0.64 1 401
277 101392 1.65 1.36 0.64 1 401
278 101360 1.60 1.35 0.64 1 401
279 101392 1.60 1.35 0.64 1 401
280 101392 1.60 1.35 0.64 1 401
281 101424 1.60 1.35 0.64 1 401
282 101424 1.60 1.35 0.64 1 401
283 101232 1.55 1.35 0.64 1 401
284 101264 1.55 1.35 0.64 1 401
285 101232 1.55 1.35 0.64 1 401
286 101264 1.55 1.35 0.64 1 401
287 101296 1.55 1.35 0.64 1 401
288 101296 1.50 1.34 0.64 1 401
289 101296 1.50 1.34 0.64 1 401
290 101328 1.50 1.34 0.64 1 401
291 101328 1.50 1.34 0.64 1 401
292 101296 1.50 1.34 0.64 1 401
293 101360 1.46 1.34 0.65 1 401
294 101360 1.46 1.34 0.65 1 401
295 101392 1.46 1.34 0.65 1 401
296 101392 1.46 1.34 0.65 1 401
297 101360 1.46 1.34 0.65 1 401
298 101360 1.43 1.33 0.65 1 401
299 101392 1.43 1.33 0.65 1 401
300 101424 1.43 1.33 0.65 1 401
301 101232 1.43 1.33 0.65 1 401
302 101232 1.43 1.33 0.65 1 401
303 101264 1.39 1.32 0.65 1 401
304 101200 1.39 1.32 0.65 1 401
305 101232 1.39 1.32 0.65 1 401
306 101200 1.39 1.32 0.65 1 401
307 101232 1.39 1.32 0.65 1 401
308 101232 1.36 1.32 0.65 1 401
309 101264 1.36 1.32 0.65 1 401
310 101264 1.36 1.32 0.65 1 401
311 101296 1.36 1.32 0.65 1 401
312 101296 1.36 1.32 0.65 1 401
313 101264 1.33 1.31 0.65 1 401
314 101328 1.33 1.31 0.65 1 401
315 101328 1.33 1.31 0.65 1 401
316 101328 1.33 1.31 0.65 1 401
317 101360 1.33 1.31 0.65 1 401
318 101360 1.30 1.31 0.66 1 401
319 101200 1.30 1.31 0.66 1 401
320 101200 1.30 1.31 0.66 1 401
321 101232 1.30 1.31 0.66 1 401
322 101232 1.30 1.31 0.66 1 401
323 101232 1.28 1.30 0.66 1 401
324 101264 1.28 1.30 0.66 1 401
325 101264 1.28 1.30 0.66 1 401
326 101264 1.28 1.30 0.66 1 401
327 101296 1.28 1.30 0.66 1 401
328 101296 1.26 1.30 0.66 1 401
329 101328 1.26 1.30 0.66 1 401
330 101328 1.26 1.30 0.66 1 401
331 101328 1.26 1.30 0.66 1 401
332 101360 1.26 1.30 0.66 1 401
333 99004 1.32 1.31 0.67 1 401
334 98780 1.32 1.31 0.67 1 401
335 98812 1.32 1.31 0.67 1 401
336 98812 1.32 1.31 0.67 1 401
337 98688 1.32 1.31 0.67 1 401
338 98688 1.29 1.30 0.67 1 401
339 98720 1.29 1.30 0.67 1 401
340 98720 1.29 1.30 0.67 1 401
341 98720 1.29 1.30 0.67 1 401
342 98720 1.29 1.30 0.67 1 401
343 98752 1.27 1.30 0.67 1 401
344 98752 1.27 1.30 0.67 1 401
345 98752 1.27 1.30 0.67 1 401
346 98784 1.27 1.30 0.67 1 401
347 98784 1.27 1.30 0.67 1 401
348 98816 1.33 1.31 0.68 1 401
349 98816 1.33 1.31 0.68 1 401
350 98816 1.33 1.31 0.68 1 401
351 98688 1.33 1.31 0.68 1 401
352 98256 1.33 1.31 0.68 1 401
353 95592 1.46 1.34 0.69 1 401
354 95656 1.46 1.34 0.69 1 401
355 103572 1.46 1.34 0.69 1 398
356 103604 1.46 1.34 0.69 1 398
357 107736 1.46 1.34 0.69 1 398
358 115520 1.50 1.35 0.70 1 394
359 115424 1.50 1.35 0.70 1 394
360 115456 1.50 1.35 0.70 1 394
361 115520 1.50 1.35 0.70 1 394
362 115552 1.50 1.35 0.70 1 394
363 115552 1.46 1.34 0.70 1 394
364 115552 1.46 1.34 0.70 1 394
